image: msec2map.pgm
resolution: 0.050000
origin: [-9.554257, -9.669585, 0.000000]
# origin: [-10.054257, -9.769585, 0.000000]
negate: 0
occupied_thresh: 0.65
free_thresh: 0.196

