image: test2_map.pgm
resolution: 0.050000
origin: [-3.044030, -8.496279, 0.000000]
negate: 0
occupied_thresh: 0.65
free_thresh: 0.196

